X = cell ({45.4,47.8,47.2,48.8,53.2,46.6,47.7,46.2,46.9,46.5,48.9,48.6,52.2,48.4,48.3,47.5,48.7,48.1,48.4,49.9,49.3,48.9,50.9,56.4,56.1,52.0,49.0,55.4,57.9,55.5,51.9,48.1,44.6,44.8,43.5,41.7,47.4,48.2,51.0,55.9,56.8,53.0,52.9,56.4,59.4,56.6,55.8,50.9,52.1,57.4,55.2,55.7,57.0,54.2,55.8,56.9,55.3,55.7,54.9,55.7,53.4,54.7,57.3,59.6,56.4,55.8,60.1,60.6,57.8,59.7,60.4,56.3,62.8,61.0,59.7,59.8,58.1,59.2,59.5,58.4,56.8,59.8,56.5,54.0,53.7,56.8,58.0,51.7,49.7,46.5,48.0,52.2,53.0,52.2,60.4,64.4,66.2,67.0,64.9,64.3,59.1,60.3,62.7,62.4,65.9,66.4,68.1,62.6,62.8,63.3,60.4,57.8,61.5,58.3,50.4,55.3,58.9,69.3,73.4,72.9,82.8,65.4,61.7,61.9,61.5,62.5,61.8,62.4,62.4,65.0,69.4,74.0,75.3,76.2,82.1,68.7,68.5,63.9,61.9,65.6,67.8,69.6,75.1,78.5,75.1,73.5,70.9,73.0,66.9,62.5,69.4,69.3,62.5,70.0,73.9,72.1,71.7,93.9,93.2,87.7,78.4,66.7,67.2,74.9,67.5,66.7,65.5,73.9,71.2,72.8,73.3,68.5,65.7,72.0,72.6,70.2,69.9,71.2,74.7,83.1,77.8,71.2,71.9,72.7,71.0,75.5,77.7,77.6,74.2,72.6,71.5,68.7,72.4,82.9,80.5,78.3,72.7,70.7,72.7,72.7,73.0,71.5,71.5,74.8,79.4,80.8,80.4,77.5,76.4,77.5})
T = cell({1,2,3,4,5,6,7,8,9,10,11,12,13,14,15,16,17,18,19,20,21,22,23,24,25,26,27,28,29,30,31,32,33,34,35,36,37,38,39,40,41,42,43,44,45,46,47,48,49,50,51,52,53,54,55,56,57,58,59,60,61,62,63,64,65,66,67,68,69,70,71,72,73,74,75,76,77,78,79,80,81,82,83,84,85,86,87,88,89,90,91,92,93,94,95,96,97,98,99,100,101,102,103,104,105,106,107,108,109,110,111,112,113,114,115,116,117,118,119,120,121,122,123,124,125,126,127,128,129,130,131,132,133,134,135,136,137,138,139,140,141,142,143,144,145,146,147,148,149,150,151,152,153,154,155,156,157,158,159,160,161,162,163,164,165,166,167,168,169,170,171,172,173,174,175,176,177,178,179,180,181,182,183,184,185,186,187,188,189,190,191,192,193,194,195,196,197,198,199,200,201,202,203,204,205,206,207,208,209,210})

net = elmannet(1,10);
[Xs,Xi,Ai,Ts] = preparets(net, X, T);
net = train(net, Xs, Ts, Xi, Ai);
view(net)
Y = net(Xs, Xi, Ai);
perf = perform(net,Ts,Y)


