data_point,predicted,difference,hit,
10,0,10,0,
13,0,13,0,
16,0.015,15.985,0,
19,0.107711,18.8923,0,
22,0.437346,21.5627,0,
25,1.22291,23.7771,0,
28,2.71894,25.2811,0,
31,5.17339,25.8266,0,
34,8.77085,25.2292,0,
37,13.5725,23.4275,0,
40,19.4718,20.5282,0,
43,26.1864,16.8136,0,
46,33.2988,12.7012,0,
49,40.342,8.65796,0,
52,46.9038,5.09624,0,
55,52.7139,2.2861,0,
58,57.6837,0.316307,1,
61,61.8866,0.886589,0,
64,65.3992,1.39923,0,
67,68.5715,1.57146,0,
70,71.6566,1.65665,0,
73,74.5992,1.59918,0,
76,77.4915,1.49153,0,
79,80.3782,1.37817,0,
82,83.2756,1.27563,0,
85,86.1872,1.18718,0,
88,89.1116,1.11159,0,
91,92.0466,1.04663,0,
94,94.9903,0.990295,0,
97,97.9408,0.940773,1,
100,100.897,0.896881,1,
103,104.332,1.33197,0,
106,107.781,1.78053,0,
109,110.299,1.29867,0,
112,112.788,0.787811,1,
115,115.736,0.736168,1,
118,119.125,1.12476,1,
121,122.492,1.49179,0,
124,125.662,1.66212,0,
127,128.248,1.24777,1,
130,130.638,0.638168,1,
133,134.277,1.27682,1,
136,137.588,1.58842,0,
139,140.602,1.60239,0,
142,143.237,1.23662,1,
145,145.556,0.555679,1,
148,149.197,1.19724,1,
151,152.466,1.46629,1,
154,155.446,1.44621,1,
157,158.906,1.90622,0,
160,162.029,2.02884,0,
163,164.238,1.23849,1,
166,166.476,0.476257,1,
169,170.118,1.11816,1,
172,173.348,1.34798,1,
175,176.287,1.28738,1,
178,179.728,1.72777,1,
181,182.81,1.81036,0,
184,186.002,2.00229,0,
187,188.311,1.31142,1,
190,190.41,0.410126,1,
193,194.088,1.08839,1,
196,197.285,1.28513,1,
199,200.173,1.1729,1,
202,203.615,1.61522,1,
205,206.655,1.65497,1,
208,209.822,1.82208,1,
211,213.06,2.06038,1,
214,216.166,2.16554,0,
217,219.366,2.36603,0,
220,221.41,1.40982,1,
223,223.344,0.344376,1,
226,227.071,1.07135,1,
229,230.235,1.23537,1,
232,233.065,1.06514,1,
235,236.516,1.51566,1,
238,239.51,1.50969,1,
241,242.652,1.65187,1,
244,245.872,1.8719,1,
247,248.941,1.94124,1,
250,252.121,2.12065,1,
253,255.265,2.26486,1,
256,258.392,2.39209,1,
259,261.551,2.55127,1,
262,264.69,2.6897,0,
265,267.833,2.83298,0,
268,269.588,1.58847,1,
271,271.279,0.279236,1,
274,275.095,1.09534,1,
277,278.227,1.2269,1,
280,280.979,0.978973,1,
283,284.458,1.45813,1,
286,287.397,1.39664,1,
289,290.514,1.51401,1,
292,293.721,1.72141,1,
295,296.75,1.75006,1,
298,299.911,1.91125,1,
301,303.029,2.02908,1,
304,306.126,2.12607,1,
307,309.263,2.26349,1,
310,312.373,2.37308,1,
313,315.49,2.49036,1,
316,318.612,2.61151,1,
319,321.727,2.72726,1,
322,324.845,2.845,1,
325,327.963,2.96277,1,
328,331.081,3.08051,1,
331,334.198,3.19827,1,
334,337.316,3.31601,1,
337,340.434,3.43375,0,
340,343.552,3.55151,0,
343,344.906,1.90588,1,
346,346.216,0.215546,1,
349,350.19,1.19028,1,
352,353.29,1.2901,1,
355,355.931,0.930511,1,
358,359.474,1.47351,1,
361,362.34,1.33987,1,
364,365.432,1.43167,1,
367,368.637,1.63708,1,
370,371.616,1.6163,1,
373,374.764,1.76431,1,
376,377.857,1.8566,1,
379,380.922,1.92154,1,
382,384.04,2.04016,1,
385,387.12,2.12042,1,
388,390.212,2.21228,1,
391,393.31,2.30984,1,
394,396.398,2.39774,1,
397,399.491,2.4906,1,
400,402.583,2.58334,1,
403,405.676,2.67551,1,
406,408.768,2.7677,1,
409,411.86,2.85989,1,
412,414.952,2.95209,1,
415,418.044,3.04428,1,
418,421.136,3.13647,1,
421,424.229,3.22864,1,
424,427.321,3.32083,1,
427,430.413,3.41302,1,
430,433.505,3.50522,1,
433,436.597,3.59741,1,
436,439.69,3.68958,1,
439,442.782,3.78177,1,
442,445.874,3.87396,1,
445,448.966,3.96616,1,
448,452.058,4.05835,1,
451,455.151,4.15054,1,
454,458.243,4.24271,1,
457,461.335,4.3349,1,
460,464.427,4.42709,1,
463,467.519,4.51929,1,
466,470.611,4.61148,1,
469,473.704,4.70367,0,
472,476.796,4.79584,0,
475,477.491,2.49063,1,
478,478.154,0.153778,1,
481,482.421,1.42084,1,
484,485.49,1.4899,1,
487,487.953,0.952759,1,
490,491.627,1.62692,1,
493,494.389,1.38864,1,
496,497.458,1.45764,1,
499,500.676,1.67648,1,
502,503.591,1.59143,1,
505,506.735,1.73535,1,
508,509.803,1.80283,1,
511,512.832,1.8324,1,
514,515.937,1.93713,1,
517,518.987,1.98676,1,
520,522.054,2.05396,1,
523,525.13,2.12976,1,
526,528.19,2.18951,1,
529,531.26,2.2597,1,
532,534.327,2.32745,1,
535,537.394,2.3938,1,
538,540.461,2.46143,1,
541,543.529,2.52881,1,
544,546.596,2.59619,1,
547,549.664,2.66364,1,
550,552.731,2.73102,1,
553,555.798,2.7984,1,
556,558.866,2.86578,1,
559,561.933,2.93323,1,
562,565.001,3.00061,1,
565,568.068,3.06799,1,
568,571.135,3.13544,1,
571,574.203,3.20282,1,
574,577.27,3.2702,1,
577,580.338,3.33765,1,
580,583.405,3.40503,1,
583,586.472,3.47241,1,
586,589.54,3.53979,1,
589,592.607,3.60724,1,
592,595.675,3.67462,1,
595,598.742,3.742,1,
598,601.809,3.80945,1,
601,604.877,3.87683,1,
604,607.944,3.94421,1,
607,611.012,4.01166,1,
610,614.079,4.07904,1,
613,617.146,4.14642,1,
616,620.214,4.21387,1,
619,623.281,4.28125,1,
622,626.349,4.34863,1,
625,629.416,4.41602,1,
628,632.483,4.48346,1,
631,635.551,4.55084,1,
634,638.618,4.61823,1,
637,641.686,4.68567,1,
640,644.753,4.75305,1,
643,647.82,4.82043,1,
646,650.888,4.88788,1,
649,653.955,4.95526,1,
652,657.023,5.02264,1,
655,660.09,5.09009,1,
658,663.157,5.15747,1,
661,666.225,5.22485,1,
664,669.292,5.29224,1,
667,672.36,5.35968,1,
670,675.427,5.42706,1,
673,678.494,5.49445,1,
676,681.562,5.56189,1,
679,684.629,5.62927,1,
682,687.697,5.69666,1,
685,690.764,5.7641,1,
688,693.831,5.83148,1,
691,696.899,5.89886,1,
694,699.966,5.96625,1,
697,703.034,6.03369,1,
700,706.101,6.10107,1,
703,709.168,6.16846,1,
706,712.236,6.2359,1,
709,715.303,6.30328,1,
712,718.371,6.37067,1,
715,721.438,6.43811,1,
718,724.505,6.50549,1,
721,727.573,6.57288,1,
724,730.64,6.64032,1,
727,733.708,6.7077,1,
730,736.775,6.77509,1,
733,739.842,6.84247,1,
736,742.91,6.90991,1,
739,745.977,6.97729,1,
742,749.045,7.04468,1,
745,752.112,7.11212,1,
748,755.18,7.1795,1,
751,758.247,7.24689,1,
754,761.314,7.31433,1,
757,764.382,7.38171,1,
760,767.449,7.4491,1,
763,770.516,7.51648,1,
766,773.584,7.58392,1,
769,776.651,7.65131,1,
772,779.719,7.71869,1,
775,782.786,7.78613,0,
778,785.854,7.85352,0,
781,784.982,3.9823,1,
784,784.092,0.0924072,1,
787,789.106,2.10565,1,
790,792.145,2.14496,1,
793,794.203,1.20294,1,
796,798.236,2.2359,1,
799,800.78,1.77972,1,
802,803.826,1.82623,1,
805,807.116,2.11554,1,
808,809.91,1.90967,1,
811,813.078,2.07819,1,
814,816.12,2.12024,1,
817,819.101,2.10138,1,
820,822.206,2.2063,1,
823,825.218,2.21838,1,
826,828.261,2.26123,1,
829,831.319,2.31921,1,
832,834.347,2.34741,1,
835,837.397,2.39709,1,
838,840.44,2.44019,1,
841,843.48,2.47992,1,
844,846.526,2.52551,1,
847,849.568,2.56769,1,
850,852.61,2.61041,1,
853,855.653,2.65344,1,
856,858.696,2.69635,1,
859,861.739,2.7392,1,
862,864.782,2.7821,1,
865,867.825,2.82501,1,
868,870.868,2.86792,1,
871,873.911,2.91083,1,
874,876.954,2.95374,1,
877,879.997,2.99664,1,
880,883.039,3.03949,1,
883,886.082,3.0824,1,
886,889.125,3.12531,1,
889,892.168,3.16821,1,
892,895.211,3.21112,1,
895,898.254,3.25403,1,
898,901.297,3.29694,1,
901,904.34,3.33984,1,
904,907.383,3.38269,1,
907,910.426,3.4256,1,
910,913.469,3.46851,1,
913,916.511,3.51141,1,
916,919.554,3.55432,1,
919,922.597,3.59723,1,
922,925.64,3.64014,1,
925,928.683,3.68298,1,
928,931.726,3.72589,1,
931,934.769,3.7688,1,
934,937.812,3.81171,1,
937,940.855,3.85461,1,
940,943.898,3.89752,1,
943,946.94,3.94043,1,
946,949.983,3.98334,1,
949,953.026,4.02618,1,
952,956.069,4.06909,1,
955,959.112,4.112,1,
958,962.155,4.15491,1,
961,965.198,4.19781,1,
964,968.241,4.24072,1,
967,971.284,4.28363,1,
970,974.327,4.32654,1,
973,977.369,4.36938,1,
976,980.412,4.41229,1,
979,983.455,4.4552,1,
982,986.498,4.49811,1,
985,989.541,4.54102,1,
988,992.584,4.58392,1,
991,995.627,4.62683,1,
994,998.67,4.66968,1,
997,1001.71,4.71259,1,
1000,1004.76,4.75549,1,
1003,1007.8,4.7984,1,
1006,1010.84,4.84131,1,
1009,1013.88,4.88422,1,
1012,1016.93,4.92712,1,
1015,1019.97,4.97003,1,
1018,1023.01,5.01288,1,
1021,1026.06,5.05579,1,
1024,1029.1,5.09875,1,
1027,1032.14,5.1416,1,
1030,1035.18,5.18445,1,
1033,1038.23,5.22742,1,
1036,1041.27,5.27026,1,
1039,1044.31,5.31323,1,
1042,1047.36,5.35608,1,
1045,1050.4,5.39905,1,
1048,1053.44,5.44189,1,
1051,1056.48,5.48474,1,
1054,1059.53,5.52771,1,
1057,1062.57,5.57056,1,
1060,1065.61,5.61353,1,
1063,1068.66,5.65637,1,
1066,1071.7,5.69934,1,
1069,1074.74,5.74219,1,
1072,1077.79,5.78503,1,
1075,1080.83,5.828,1,
1078,1083.87,5.87085,1,
1081,1086.91,5.91382,1,
1084,1089.96,5.95667,1,
1087,1093,5.99963,1,
1090,1096.04,6.04248,1,
1093,1099.09,6.08545,1,
1096,1102.13,6.1283,1,
1099,1105.17,6.17114,1,
1102,1108.21,6.21411,1,
1105,1111.26,6.25696,1,
1108,1114.3,6.29993,1,
1111,1117.34,6.34277,1,
1114,1120.39,6.38574,1,
1117,1123.43,6.42859,1,
1120,1126.47,6.47144,1,
1123,1129.51,6.5144,1,
1126,1132.56,6.55725,1,
1129,1135.6,6.60022,1,
1132,1138.64,6.64307,1,
1135,1141.69,6.68604,1,
1138,1144.73,6.72888,1,
1141,1147.77,6.77173,1,
1144,1150.81,6.8147,1,
1147,1153.86,6.85754,1,
1150,1156.9,6.90051,1,
1153,1159.94,6.94336,1,
1156,1162.99,6.98633,1,
1159,1166.03,7.02917,1,
1162,1169.07,7.07202,1,
1165,1172.11,7.11499,1,
1168,1175.16,7.15784,1,
1171,1178.2,7.20081,1,
1174,1181.24,7.24365,1,
1177,1184.29,7.28662,1,
1180,1187.33,7.32947,1,
1183,1190.37,7.37244,1,
1186,1193.42,7.41528,1,
1189,1196.46,7.45813,1,
1192,1199.5,7.5011,1,
1195,1202.54,7.54395,1,
1198,1205.59,7.58691,1,
1201,1208.63,7.62976,1,
1204,1211.67,7.67273,1,
1207,1214.72,7.71558,1,
1210,1217.76,7.75842,1,
1213,1220.8,7.80139,1,
1216,1223.84,7.84424,1,
1219,1226.89,7.88721,1,
1222,1229.93,7.93005,1,
1225,1232.97,7.97302,1,
1228,1236.02,8.01587,1,
1231,1239.06,8.05872,1,
1234,1242.1,8.10168,1,
1237,1245.14,8.14453,1,
1240,1248.19,8.1875,1,
1243,1251.23,8.23035,1,
1246,1254.27,8.27332,1,
1249,1257.32,8.31616,1,
1252,1260.36,8.35913,1,
1255,1263.4,8.40198,1,
1258,1266.44,8.44482,1,
1261,1269.49,8.48779,1,
1264,1272.53,8.53064,1,
1267,1275.57,8.57361,1,
1270,1278.62,8.61646,1,
1273,1281.66,8.65942,1,
1276,1284.7,8.70227,1,
1279,1287.75,8.74512,1,
1282,1290.79,8.78809,1,
1285,1293.83,8.83093,1,
1288,1296.87,8.8739,1,
1291,1299.92,8.91675,1,
1294,1302.96,8.95972,1,
1297,1306,9.00256,1,
1300,1309.05,9.04541,1,
1303,1312.09,9.08838,1,
1306,1315.13,9.13123,1,
1309,1318.17,9.17419,1,
1312,1321.22,9.21704,1,
1315,1324.26,9.26001,1,
1318,1327.3,9.30286,1,
1321,1330.35,9.3457,1,
1324,1333.39,9.38867,1,
1327,1336.43,9.43152,1,
1330,1339.47,9.47449,1,
1333,1342.52,9.51733,1,
1336,1345.56,9.5603,1,
1339,1348.6,9.60315,1,
1342,1351.65,9.64612,1,
1345,1354.69,9.68896,1,
1348,1357.73,9.73181,1,
1351,1360.77,9.77478,1,
1354,1363.82,9.81763,1,
1357,1366.86,9.8606,1,
1360,1369.9,9.90344,1,
1363,1372.95,9.94641,1,
1366,1375.99,9.98926,1,
1369,1379.03,10.0321,1,
1372,1382.08,10.0751,1,
1375,1385.12,10.1179,1,
1378,1388.16,10.1609,1,
1381,1391.2,10.2037,1,
1384,1394.25,10.2467,1,
1387,1397.29,10.2896,1,
1390,1400.33,10.3324,1,
1393,1403.38,10.3754,1,
1396,1406.42,10.4182,1,
1399,1409.46,10.4612,1,
1402,1412.5,10.504,1,
1405,1415.55,10.547,1,
1408,1418.59,10.5898,1,
1411,1421.63,10.6327,1,
1414,1424.68,10.6757,1,
1417,1427.72,10.7185,1,
1420,1430.76,10.7615,1,
1423,1433.8,10.8043,1,
1426,1436.85,10.8473,1,
1429,1439.89,10.8901,1,
1432,1442.93,10.9331,1,
1435,1445.98,10.976,1,
1438,1449.02,11.0188,1,
1441,1452.06,11.0618,1,
1444,1455.1,11.1046,1,
1447,1458.15,11.1476,1,
1450,1461.19,11.1904,1,
1453,1464.23,11.2334,1,
1456,1467.28,11.2762,1,
1459,1470.32,11.3191,1,
1462,1473.36,11.3621,1,
1465,1476.4,11.4049,1,
1468,1479.45,11.4479,1,
1471,1482.49,11.4907,1,
1474,1485.53,11.5337,1,
1477,1488.58,11.5765,1,
1480,1491.62,11.6194,1,
1483,1494.66,11.6624,1,
1486,1497.71,11.7052,1,
1489,1500.75,11.7482,1,
1492,1503.79,11.791,1,
1495,1506.83,11.834,1,
1498,1509.88,11.8768,1,
1501,1512.92,11.9197,1,
1504,1515.96,11.9626,1,
1507,1519.01,12.0055,1,
1510,1522.05,12.0485,1,
1513,1525.09,12.0913,1,
1516,1528.13,12.1343,1,
1519,1531.18,12.1771,1,
1522,1534.22,12.2201,1,
1525,1537.26,12.2629,1,
1528,1540.31,12.3058,1,
1531,1543.35,12.3488,1,
1534,1546.39,12.3916,1,
1537,1549.43,12.4346,1,
1540,1552.48,12.4774,1,
1543,1555.52,12.5204,1,
1546,1558.56,12.5632,1,
1549,1561.61,12.6061,1,
1552,1564.65,12.649,1,
1555,1567.69,12.6919,1,
1558,1570.73,12.7349,1,
1561,1573.78,12.7777,1,
1564,1576.82,12.8207,1,
1567,1579.86,12.8635,1,
1570,1582.91,12.9064,1,
1573,1585.95,12.9493,1,
1576,1588.99,12.9922,1,
1579,1592.04,13.0352,1,
1582,1595.08,13.078,1,
1585,1598.12,13.121,1,
1588,1601.16,13.1638,1,
1591,1604.21,13.2068,1,
1594,1607.25,13.2496,1,
1597,1610.29,13.2925,1,
1600,1613.34,13.3354,1,
1603,1616.38,13.3783,1,
1606,1619.42,13.4213,1,
1609,1622.46,13.4641,1,
1612,1625.51,13.5071,1,
1615,1628.55,13.5499,1,
1618,1631.59,13.5928,1,
1621,1634.64,13.6357,1,
1624,1637.68,13.6786,1,
1627,1640.72,13.7216,1,
1630,1643.76,13.7644,1,
1633,1646.81,13.8074,1,
1636,1649.85,13.8502,1,
1639,1652.89,13.8931,1,
1642,1655.94,13.936,1,
1645,1658.98,13.9789,1,
1648,1662.02,14.0219,1,
1651,1665.06,14.0647,1,
1654,1668.11,14.1077,1,
1657,1671.15,14.1505,1,
1660,1674.19,14.1934,1,
1663,1677.24,14.2363,1,
1666,1680.28,14.2792,1,
1669,1683.32,14.3221,1,
1672,1686.36,14.365,1,
1675,1689.41,14.408,1,
1678,1692.45,14.4508,1,
1681,1695.49,14.4938,1,
1684,1698.54,14.5366,1,
1687,1701.58,14.5795,1,
1690,1704.62,14.6224,1,
1693,1707.67,14.6653,1,
1696,1710.71,14.7083,1,
1699,1713.75,14.7511,1,
1702,1716.79,14.7941,1,
1705,1719.84,14.8369,1,
1708,1722.88,14.8798,1,
1711,1725.92,14.9227,1,
1714,1728.97,14.9656,1,
1717,1732.01,15.0085,1,
1720,1735.05,15.0514,1,
1723,1738.09,15.0944,1,
1726,1741.14,15.1372,1,
1729,1744.18,15.1801,1,
1732,1747.22,15.223,1,
1735,1750.27,15.2659,1,
1738,1753.31,15.3088,1,
1741,1756.35,15.3517,1,
1744,1759.39,15.3947,1,
1747,1762.44,15.4375,1,
1750,1765.48,15.4803,1,
1753,1768.52,15.5233,1,
1756,1771.57,15.5662,1,
1759,1774.61,15.6091,1,
1762,1777.65,15.652,1,
1765,1780.69,15.6949,1,
1768,1783.74,15.7378,1,
1771,1786.78,15.7808,1,
1774,1789.82,15.8236,1,
1777,1792.87,15.8665,1,
1780,1795.91,15.9094,1,
1783,1798.95,15.9523,1,
1786,1802,15.9952,1,
1789,1805.04,16.0381,1,
1792,1808.08,16.0811,1,
1795,1811.12,16.1239,1,
1798,1814.17,16.1667,1,
1801,1817.21,16.2097,1,
1804,1820.25,16.2526,1,
1807,1823.3,16.2955,1,
1810,1826.34,16.3384,1,
1813,1829.38,16.3813,1,
1816,1832.42,16.4242,1,
1819,1835.47,16.467,1,
1822,1838.51,16.51,1,
1825,1841.55,16.5529,1,
1828,1844.6,16.5958,1,
1831,1847.64,16.6387,1,
1834,1850.68,16.6816,1,
1837,1853.72,16.7245,1,
1840,1856.77,16.7673,1,
1843,1859.81,16.8103,1,
1846,1862.85,16.8531,1,
1849,1865.9,16.8961,1,
1852,1868.94,16.939,1,
1855,1871.98,16.9819,1,
1858,1875.02,17.0248,1,
1861,1878.07,17.0677,1,
1864,1881.11,17.1106,1,
1867,1884.15,17.1534,1,
1870,1887.2,17.1964,1,
1873,1890.24,17.2393,1,
1876,1893.28,17.2822,1,
1879,1896.33,17.3251,1,
1882,1899.37,17.368,1,
1885,1902.41,17.4109,1,
1888,1905.45,17.4537,1,
1891,1908.5,17.4967,1,
1894,1911.54,17.5396,1,
1897,1914.58,17.5825,1,
1900,1917.63,17.6254,1,
1903,1920.67,17.6683,1,
1906,1923.71,17.7112,1,
1909,1926.75,17.754,1,
1912,1929.8,17.797,1,
1915,1932.84,17.8398,1,
1918,1935.88,17.8828,1,
1921,1938.93,17.9257,1,
1924,1941.97,17.9686,1,
1927,1945.01,18.0115,1,
1930,1948.05,18.0544,1,
1933,1951.1,18.0973,1,
1936,1954.14,18.1401,1,
1939,1957.18,18.1831,1,
1942,1960.23,18.226,1,
1945,1963.27,18.2689,1,
1948,1966.31,18.3118,1,
1951,1969.35,18.3547,1,
1954,1972.4,18.3976,1,
1957,1975.44,18.4404,1,
1960,1978.48,18.4834,1,
1963,1981.53,18.5262,1,
1966,1984.57,18.5692,1,
1969,1987.61,18.6121,1,
1972,1990.66,18.655,1,
1975,1993.7,18.6979,1,
1978,1996.74,18.7407,1,
1981,1999.78,18.7837,1,
1984,2002.83,18.8265,1,
1987,2005.87,18.8695,1,
1990,2008.91,18.9124,1,
1993,2011.96,18.9553,1,
1996,2015,18.9982,1,
1999,2018.04,19.041,1,
2002,2021.08,19.084,1,
2005,2024.13,19.1268,1,
2008,2027.17,19.1698,1,
2011,2030.21,19.2126,1,
2014,2033.26,19.2556,1,
2017,2036.3,19.2985,1,
2020,2039.34,19.3414,1,
2023,2042.38,19.3843,1,
2026,2045.43,19.4271,1,
2029,2048.47,19.47,1,
2032,2051.51,19.5129,1,
2035,2054.56,19.5559,1,
2038,2057.6,19.5989,1,
2041,2060.64,19.6416,1,
2044,2063.68,19.6846,1,
2047,2066.73,19.7275,1,
2050,2069.77,19.7703,1,
2053,2072.81,19.8132,1,
2056,2075.86,19.8562,1,
2059,2078.9,19.8992,1,
2062,2081.94,19.9419,1,
2065,2084.98,19.9849,1,
2068,2088.03,20.0278,1,
2071,2091.07,20.0706,1,
2074,2094.11,20.1135,1,
2077,2097.16,20.1565,1,
2080,2100.2,20.1995,1,
2083,2103.24,20.2422,1,
2086,2106.29,20.2852,1,
2089,2109.33,20.3281,1,
2092,2112.37,20.3708,1,
2095,2115.41,20.4138,1,
2098,2118.46,20.4568,1,
2101,2121.5,20.4998,1,
2104,2124.54,20.5425,1,
2107,2127.59,20.5854,1,
2110,2130.63,20.6284,1,
2113,2133.67,20.6711,1,
2116,2136.71,20.7141,1,
2119,2139.76,20.7571,1,
2122,2142.8,20.8,1,
2125,2145.84,20.8428,1,
2128,2148.89,20.8857,1,
2131,2151.93,20.9287,1,
2134,2154.97,20.9714,1,
2137,2158.01,21.0144,1,
2140,2161.06,21.0574,1,
2143,2164.1,21.1003,1,
2146,2167.14,21.1431,1,
2149,2170.19,21.186,1,
2152,2173.23,21.229,1,
2155,2176.27,21.272,1,
2158,2179.31,21.3147,1,
2161,2182.36,21.3577,1,
2164,2185.4,21.4006,1,
2167,2188.44,21.4434,1,
2170,2191.49,21.4863,1,
2173,2194.53,21.5293,1,
2176,2197.57,21.5723,1,
2179,2200.61,21.615,1,
2182,2203.66,21.658,1,
2185,2206.7,21.7009,1,
2188,2209.74,21.7437,1,
2191,2212.79,21.7866,1,
2194,2215.83,21.8296,1,
2197,2218.87,21.8726,1,
2200,2221.92,21.9153,1,
2203,2224.96,21.9583,1,
2206,2228,22.0012,1,
2209,2231.04,22.0439,1,
2212,2234.09,22.0869,1,
2215,2237.13,22.1299,1,
2218,2240.17,22.1729,1,
2221,2243.22,22.2156,0,
2224,2246.26,22.2585,0,
2227,2238.15,11.1484,1,
2230,2230.03,0.0319824,1,
2233,2238.63,5.62866,1,
2236,2241.64,5.63721,1,
2239,2241.87,2.87354,1,
2242,2247.68,5.68359,1,
2245,2249.3,4.30054,1,
2248,2252.33,4.32544,1,
2251,2256.04,5.03979,1,
2254,2258.36,4.35913,1,
2257,2261.73,4.72974,1,
2260,2264.75,4.74658,1,
2263,2267.59,4.59131,1,
2266,2270.79,4.78516,1,
2269,2273.72,4.71582,1,
2272,2276.74,4.73511,1,
2275,2279.8,4.79736,1,
2278,2282.77,4.77222,1,
2281,2285.81,4.81299,1,
2284,2288.83,4.83179,1,
2287,2291.84,4.8396,1,
2290,2294.87,4.86914,1,
2293,2297.88,4.88281,1,
2296,2300.9,4.90137,1,
2299,2303.92,4.92285,1,
2302,2306.94,4.93896,1,
2305,2309.96,4.95898,1,
2308,2312.98,4.97778,1,
2311,2316,4.99609,1,
2314,2319.02,5.01514,1,
2317,2322.03,5.03394,1,
2320,2325.05,5.05273,1,
2323,2328.07,5.07129,1,
2326,2331.09,5.09009,1,
2329,2334.11,5.10889,1,
2332,2337.13,5.12769,1,
2335,2340.15,5.14648,1,
2338,2343.17,5.16528,1,
2341,2346.18,5.18408,1,
2344,2349.2,5.20288,1,
2347,2352.22,5.22168,1,
2350,2355.24,5.24023,1,
2353,2358.26,5.25903,1,
2356,2361.28,5.27783,1,
2359,2364.3,5.29663,1,
2362,2367.32,5.31543,1,
2365,2370.33,5.33423,1,
2368,2373.35,5.35303,1,
2371,2376.37,5.37183,1,
2374,2379.39,5.39062,1,
2377,2382.41,5.40918,1,
2380,2385.43,5.42798,1,
2383,2388.45,5.44678,1,
2386,2391.47,5.46558,1,
2389,2394.48,5.48438,1,
2392,2397.5,5.50317,1,
2395,2400.52,5.52197,1,
2398,2403.54,5.54077,1,
2401,2406.56,5.55933,1,
2404,2409.58,5.57812,1,
2407,2412.6,5.59692,1,
2410,2415.62,5.61572,1,
2413,2418.63,5.63452,1,
2416,2421.65,5.65332,1,
2419,2424.67,5.67212,1,
2422,2427.69,5.69092,1,
2425,2430.71,5.70972,1,
2428,2433.73,5.72827,1,
2431,2436.75,5.74707,1,
2434,2439.77,5.76587,1,
2437,2442.78,5.78467,1,
2440,2445.8,5.80347,1,
2443,2448.82,5.82227,1,
2446,2451.84,5.84106,1,
2449,2454.86,5.85986,1,
2452,2457.88,5.87866,1,
2455,2460.9,5.89722,1,
2458,2463.92,5.91602,1,
2461,2466.93,5.93481,1,
2464,2469.95,5.95361,1,
2467,2472.97,5.97241,1,
2470,2475.99,5.99121,1,
2473,2479.01,6.01001,1,
2476,2482.03,6.02881,1,
2479,2485.05,6.04761,1,
2482,2488.07,6.06616,1,
2485,2491.08,6.08496,1,
2488,2494.1,6.10376,1,
2491,2497.12,6.12256,1,
2494,2500.14,6.14136,1,
2497,2503.16,6.16016,1,
2500,2506.18,6.17896,1,
2503,2509.2,6.19775,1,
2506,2512.22,6.21655,1,
2509,2515.24,6.23511,1,
2512,2518.25,6.25391,1,
2515,2521.27,6.27271,1,
2518,2524.29,6.2915,1,
2521,2527.31,6.3103,1,
2524,2530.33,6.3291,1,
2527,2533.35,6.3479,1,
2530,2536.37,6.3667,1,
2533,2539.39,6.3855,1,
2536,2542.4,6.40405,1,
2539,2545.42,6.42285,1,
2542,2548.44,6.44165,1,
2545,2551.46,6.46045,1,
2548,2554.48,6.47925,1,
2551,2557.5,6.49805,1,
2554,2560.52,6.51685,1,
2557,2563.54,6.53564,1,
2560,2566.55,6.55444,1,
2563,2569.57,6.573,1,
2566,2572.59,6.5918,1,
2569,2575.61,6.6106,1,
2572,2578.63,6.62939,1,
2575,2581.65,6.64819,1,
2578,2584.67,6.66699,1,
2581,2587.69,6.68579,1,
2584,2590.7,6.70459,1,
2587,2593.72,6.72339,1,
2590,2596.74,6.74194,1,
2593,2599.76,6.76074,1,
2596,2602.78,6.77954,1,
2599,2605.8,6.79834,1,
2602,2608.82,6.81714,1,
2605,2611.84,6.83594,1,
2608,2614.85,6.85474,1,
2611,2617.87,6.87354,1,
2614,2620.89,6.89233,1,
2617,2623.91,6.91089,1,
2620,2626.93,6.92969,1,
2623,2629.95,6.94849,1,
2626,2632.97,6.96729,1,
2629,2635.99,6.98608,1,
2632,2639,7.00488,1,
2635,2642.02,7.02368,1,
2638,2645.04,7.04248,1,
2641,2648.06,7.06128,1,
2644,2651.08,7.07983,1,
2647,2654.1,7.09863,1,
2650,2657.12,7.11743,1,
2653,2660.14,7.13623,1,
2656,2663.16,7.15503,1,
2659,2666.17,7.17383,1,
2662,2669.19,7.19263,1,
2665,2672.21,7.21143,1,
2668,2675.23,7.22998,1,
2671,2678.25,7.24878,1,
2674,2681.27,7.26758,1,
2677,2684.29,7.28638,1,
2680,2687.31,7.30518,1,
2683,2690.32,7.32397,1,
2686,2693.34,7.34277,1,
2689,2696.36,7.36157,1,
2692,2699.38,7.38037,1,
2695,2702.4,7.39893,1,
2698,2705.42,7.41772,1,
2701,2708.44,7.43652,1,
2704,2711.46,7.45532,1,
2707,2714.47,7.47412,1,
2710,2717.49,7.49292,1,
2713,2720.51,7.51172,1,
2716,2723.53,7.53052,1,
2719,2726.55,7.54932,1,
2722,2729.57,7.56787,1,
2725,2732.59,7.58667,1,
2728,2735.61,7.60547,1,
2731,2738.62,7.62427,1,
2734,2741.64,7.64307,1,
2737,2744.66,7.66187,1,
2740,2747.68,7.68066,1,
2743,2750.7,7.69946,1,
2746,2753.72,7.71826,1,
2749,2756.74,7.73682,1,
2752,2759.76,7.75562,1,
2755,2762.77,7.77441,1,
2758,2765.79,7.79321,1,
2761,2768.81,7.81201,1,
2764,2771.83,7.83081,1,
2767,2774.85,7.84961,1,
2770,2777.87,7.86841,1,
2773,2780.89,7.88721,1,
2776,2783.91,7.90576,1,
2779,2786.92,7.92456,1,
2782,2789.94,7.94336,1,
2785,2792.96,7.96216,1,
2788,2795.98,7.98096,1,
2791,2799,7.99976,1,
2794,2802.02,8.01855,1,
2797,2805.04,8.03735,1,
2800,2808.06,8.05615,1,
2803,2811.07,8.07471,1,
2806,2814.09,8.09351,1,
2809,2817.11,8.1123,1,
2812,2820.13,8.1311,1,
2815,2823.15,8.1499,1,
2818,2826.17,8.1687,1,
2821,2829.19,8.1875,1,
2824,2832.21,8.2063,1,
2827,2835.23,8.2251,1,
2830,2838.24,8.24365,1,
2833,2841.26,8.26245,1,
2836,2844.28,8.28125,1,
2839,2847.3,8.30005,1,
2842,2850.32,8.31885,1,
2845,2853.34,8.33765,1,
2848,2856.36,8.35645,1,
2851,2859.38,8.37524,1,
2854,2862.39,8.39404,1,
2857,2865.41,8.4126,1,
2860,2868.43,8.4314,1,
2863,2871.45,8.4502,1,
2866,2874.47,8.46899,1,
2869,2877.49,8.48779,1,
2872,2880.51,8.50659,1,
2875,2883.53,8.52539,1,
2878,2886.54,8.54419,1,
2881,2889.56,8.56299,1,
2884,2892.58,8.58154,1,
2887,2895.6,8.60034,1,
2890,2898.62,8.61914,1,
2893,2901.64,8.63794,1,
2896,2904.66,8.65674,1,
2899,2907.68,8.67554,1,
2902,2910.69,8.69434,1,
2905,2913.71,8.71313,1,
2908,2916.73,8.73193,1,
2911,2919.75,8.75049,1,
2914,2922.77,8.76929,1,
2917,2925.79,8.78809,1,
2920,2928.81,8.80688,1,
2923,2931.83,8.82568,1,
2926,2934.84,8.84448,1,
2929,2937.86,8.86328,1,
2932,2940.88,8.88208,1,
2935,2943.9,8.90088,1,
2938,2946.92,8.91943,1,
2941,2949.94,8.93823,1,
2944,2952.96,8.95703,1,
2947,2955.98,8.97583,1,
2950,2958.99,8.99463,1,
2953,2962.01,9.01343,1,
2956,2965.03,9.03223,1,
2959,2968.05,9.05103,1,
2962,2971.07,9.06958,1,
2965,2974.09,9.08838,1,
2968,2977.11,9.10718,1,
2971,2980.13,9.12598,1,
2974,2983.14,9.14478,1,
2977,2986.16,9.16357,1,
2980,2989.18,9.18237,1,
2983,2992.2,9.20117,1,
2986,2995.22,9.21997,1,
2989,2998.24,9.23853,1,
2992,3001.26,9.25732,1,
2995,3004.28,9.27612,1,
2998,3007.29,9.29492,1,
3001,3010.31,9.31372,1,
3004,3013.33,9.33252,1,
3007,3016.35,9.35132,1,
3010,3019.37,9.37012,1,
3013,3022.39,9.38892,1,
3016,3025.41,9.40747,1,
3019,3028.43,9.42627,1,
3022,3031.45,9.44507,1,
3025,3034.46,9.46387,1,
3028,3037.48,9.48267,1,
3031,3040.5,9.50146,1,
3034,3043.52,9.52026,1,
3037,3046.54,9.53906,1,
3040,3049.56,9.55786,1,
3043,3052.58,9.57642,1,
3046,3055.6,9.59521,1,
3049,3058.61,9.61401,1,
3052,3061.63,9.63281,1,
3055,3064.65,9.65161,1,
3058,3067.67,9.67041,1,
3061,3070.69,9.68921,1,
3064,3073.71,9.70801,1,
3067,3076.73,9.72681,1,
3070,3079.75,9.74536,1,
3073,3082.76,9.76416,1,
3076,3085.78,9.78296,1,
3079,3088.8,9.80176,1,
3082,3091.82,9.82056,1,
3085,3094.84,9.83936,1,
3088,3097.86,9.85815,1,
3091,3100.88,9.87695,1,
3094,3103.9,9.89575,1,
3097,3106.91,9.91431,1,
3100,3109.93,9.93311,1,
3103,3112.95,9.9519,1,
3106,3115.97,9.9707,1,
3109,3118.99,9.9895,1,
3112,3122.01,10.0083,1,
3115,3125.03,10.0271,1,
3118,3128.05,10.0459,1,
3121,3131.06,10.0647,1,
3124,3134.08,10.0833,1,
3127,3137.1,10.1021,1,
3130,3140.12,10.1208,1,
3133,3143.14,10.1396,1,
3136,3146.16,10.1584,1,
3139,3149.18,10.1772,1,
3142,3152.2,10.196,1,
3145,3155.21,10.2148,1,
3148,3158.23,10.2336,1,
3151,3161.25,10.2522,1,
3154,3164.27,10.271,1,
3157,3167.29,10.2898,1,
3160,3170.31,10.3086,1,
3163,3173.33,10.3274,1,
3166,3176.35,10.3462,1,
3169,3179.36,10.365,1,
3172,3182.38,10.3838,1,
3175,3185.4,10.4026,1,
3178,3188.42,10.4211,1,
3181,3191.44,10.4399,1,
3184,3194.46,10.4587,1,
3187,3197.48,10.4775,1,
3190,3200.5,10.4963,1,
3193,3203.52,10.5151,1,
3196,3206.53,10.5339,1,
3199,3209.55,10.5527,1,
3202,3212.57,10.5715,1,
3205,3215.59,10.5901,1,
3208,3218.61,10.6089,1,
3211,3221.63,10.6277,1,
3214,3224.65,10.6465,1,
3217,3227.67,10.6653,1,
3220,3230.68,10.6841,1,
3223,3233.7,10.7029,1,
3226,3236.72,10.7217,1,
3229,3239.74,10.7402,1,
3232,3242.76,10.759,1,
3235,3245.78,10.7778,1,
3238,3248.8,10.7966,1,
3241,3251.82,10.8154,1,
3244,3254.83,10.8342,1,
3247,3257.85,10.853,1,
3250,3260.87,10.8718,1,
3253,3263.89,10.8906,1,
3256,3266.91,10.9092,1,
3259,3269.93,10.928,1,
3262,3272.95,10.9468,1,
3265,3275.97,10.9656,1,
3268,3278.98,10.9844,1,
3271,3282,11.0032,1,
3274,3285.02,11.022,1,
3277,3288.04,11.0408,1,
3280,3291.06,11.0596,1,
3283,3294.08,11.0781,1,
3286,3297.1,11.0969,1,
3289,3300.12,11.1157,1,
3292,3303.13,11.1345,1,
3295,3306.15,11.1533,1,
3298,3309.17,11.1721,1,
3301,3312.19,11.1909,1,
3304,3315.21,11.2097,1,
3307,3318.23,11.2285,1,
3310,3321.25,11.2471,1,
3313,3324.27,11.2659,1,
3316,3327.28,11.2847,1,
3319,3330.3,11.3035,1,
3322,3333.32,11.3223,1,
3325,3336.34,11.3411,1,
3328,3339.36,11.3599,1,
3331,3342.38,11.3787,1,
3334,3345.4,11.3975,1,
3337,3348.42,11.416,1,
3340,3351.43,11.4348,1,
3343,3354.45,11.4536,1,
3346,3357.47,11.4724,1,
3349,3360.49,11.4912,1,
3352,3363.51,11.51,1,
3355,3366.53,11.5288,1,
3358,3369.55,11.5476,1,
3361,3372.57,11.5664,1,
3364,3375.58,11.585,1,
3367,3378.6,11.6038,1,
3370,3381.62,11.6226,1,
3373,3384.64,11.6414,1,
3376,3387.66,11.6602,1,
3379,3390.68,11.679,1,
3382,3393.7,11.6978,1,
3385,3396.72,11.7166,1,
3388,3399.74,11.7354,1,
3391,3402.75,11.7539,1,
3394,3405.77,11.7727,1,
3397,3408.79,11.7915,1,
3400,3411.81,11.8103,1,
3403,3414.83,11.8291,1,
3406,3417.85,11.8479,1,
3409,3420.87,11.8667,1,
3412,3423.89,11.8855,1,
3415,3426.9,11.9043,1,
3418,3429.92,11.9229,1,
3421,3432.94,11.9417,1,
3424,3435.96,11.9604,1,
3427,3438.98,11.9792,1,
3430,3442,11.998,1,
3433,3445.02,12.0168,1,
3436,3448.04,12.0356,1,
3439,3451.05,12.0544,1,
3442,3454.07,12.0732,1,
3445,3457.09,12.0918,1,
3448,3460.11,12.1106,1,
3451,3463.13,12.1294,1,
3454,3466.15,12.1482,1,
3457,3469.17,12.167,1,
3460,3472.19,12.1858,1,
3463,3475.2,12.2046,1,
3466,3478.22,12.2234,1,
3469,3481.24,12.2422,1,
3472,3484.26,12.2607,1,
3475,3487.28,12.2795,1,
3478,3490.3,12.2983,1,
3481,3493.32,12.3171,1,
3484,3496.34,12.3359,1,
3487,3499.35,12.3547,1,
3490,3502.37,12.3735,1,
3493,3505.39,12.3923,1,
3496,3508.41,12.4111,1,
3499,3511.43,12.4297,1,
3502,3514.45,12.4485,1,
3505,3517.47,12.4673,1,
3508,3520.49,12.4861,1,
3511,3523.5,12.5049,1,
3514,3526.52,12.5237,1,
3517,3529.54,12.5425,1,
3520,3532.56,12.5613,1,
3523,3535.58,12.5798,1,
3526,3538.6,12.5986,1,
3529,3541.62,12.6174,1,
3532,3544.64,12.6362,1,
3535,3547.66,12.655,1,
3538,3550.67,12.6738,1,
3541,3553.69,12.6926,1,
3544,3556.71,12.7114,1,
3547,3559.73,12.7302,1,
3550,3562.75,12.7488,1,
3553,3565.77,12.7676,1,
3556,3568.79,12.7864,1,
3559,3571.81,12.8052,1,
3562,3574.82,12.824,1,
3565,3577.84,12.8428,1,
3568,3580.86,12.8616,1,
3571,3583.88,12.8804,1,
3574,3586.9,12.8992,1,
3577,3589.92,12.9177,1,
3580,3592.94,12.9365,1,
3583,3595.96,12.9553,1,
3586,3598.97,12.9741,1,
3589,3601.99,12.9929,1,
3592,3605.01,13.0117,1,
3595,3608.03,13.0305,1,
3598,3611.05,13.0493,1,
3601,3614.07,13.0681,1,
3604,3617.09,13.0867,1,
3607,3620.11,13.1055,1,
3610,3623.12,13.1243,1,
3613,3626.14,13.1431,1,
3616,3629.16,13.1619,1,
3619,3632.18,13.1807,1,
3622,3635.2,13.1995,1,
3625,3638.22,13.2183,1,
3628,3641.24,13.2371,1,
3631,3644.26,13.2556,1,
3634,3647.27,13.2744,1,
3637,3650.29,13.2932,1,
3640,3653.31,13.312,1,
3643,3656.33,13.3308,1,
3646,3659.35,13.3496,1,
3649,3662.37,13.3684,1,
3652,3665.39,13.3872,1,
3655,3668.41,13.406,1,
3658,3671.42,13.4246,1,
3661,3674.44,13.4434,1,
3664,3677.46,13.4622,1,
3667,3680.48,13.481,1,
3670,3683.5,13.4998,1,
3673,3686.52,13.5186,1,
3676,3689.54,13.5374,1,
3679,3692.56,13.5562,1,
3682,3695.57,13.575,1,
3685,3698.59,13.5935,1,
3688,3701.61,13.6123,1,
3691,3704.63,13.6311,1,
3694,3707.65,13.6499,1,
3697,3710.67,13.6687,1,
3700,3713.69,13.6875,1,
3703,3716.71,13.7063,1,
3706,3719.73,13.7251,1,
3709,3722.74,13.7439,1,
3712,3725.76,13.7625,1,
3715,3728.78,13.7812,1,
3718,3731.8,13.8,1,
3721,3734.82,13.8188,1,
3724,3737.84,13.8376,1,
3727,3740.86,13.8564,1,
3730,3743.88,13.8752,1,
3733,3746.89,13.894,1,
3736,3749.91,13.9128,1,
3739,3752.93,13.9314,1,
3742,3755.95,13.9502,1,
3745,3758.97,13.969,1,
3748,3761.99,13.9878,1,
3751,3765.01,14.0066,1,
3754,3768.03,14.0254,1,
3757,3771.04,14.0442,1,
3760,3774.06,14.063,1,
3763,3777.08,14.0818,1,
3766,3780.1,14.1003,1,
3769,3783.12,14.1191,1,
3772,3786.14,14.1379,1,
3775,3789.16,14.1567,1,
3778,3792.18,14.1755,1,
3781,3795.19,14.1943,1,
3784,3798.21,14.2131,1,
3787,3801.23,14.2319,1,
3790,3804.25,14.2505,1,
3793,3807.27,14.2693,1,
3796,3810.29,14.2881,1,
3799,3813.31,14.3069,1,
3802,3816.33,14.3257,1,
3805,3819.34,14.3445,1,
3808,3822.36,14.3633,1,
3811,3825.38,14.3821,1,
3814,3828.4,14.4009,1,
3817,3831.42,14.4194,1,
3820,3834.44,14.4382,1,
3823,3837.46,14.457,1,
3826,3840.48,14.4758,1,
3829,3843.49,14.4946,1,
3832,3846.51,14.5134,1,
3835,3849.53,14.5322,1,
3838,3852.55,14.551,1,
3841,3855.57,14.5698,1,
3844,3858.59,14.5884,1,
3847,3861.61,14.6072,1,
3850,3864.63,14.626,1,
3853,3867.64,14.6448,1,
3856,3870.66,14.6636,1,
3859,3873.68,14.6824,1,
3862,3876.7,14.7012,1,
3865,3879.72,14.72,1,
3868,3882.74,14.7388,1,
3871,3885.76,14.7573,1,
3874,3888.78,14.7761,1,
3877,3891.79,14.7949,1,
3880,3894.81,14.8137,1,
3883,3897.83,14.8325,1,
3886,3900.85,14.8513,1,
3889,3903.87,14.8701,1,
3892,3906.89,14.8889,1,
3895,3909.91,14.9077,1,
3898,3912.93,14.9263,1,
3901,3915.95,14.9451,1,
3904,3918.96,14.9639,1,
3907,3921.98,14.9827,1,
3910,3925,15.0015,1,
3913,3928.02,15.0203,1,
3916,3931.04,15.0391,1,
3919,3934.06,15.0579,1,
3922,3937.08,15.0767,1,
3925,3940.1,15.0952,1,
3928,3943.11,15.114,1,
3931,3946.13,15.1328,1,
3934,3949.15,15.1516,1,
3937,3952.17,15.1704,1,
3940,3955.19,15.1892,1,
3943,3958.21,15.208,1,
3946,3961.23,15.2268,1,
3949,3964.25,15.2456,1,
3952,3967.26,15.2642,1,
3955,3970.28,15.283,1,
3958,3973.3,15.3018,1,
3961,3976.32,15.3206,1,
3964,3979.34,15.3394,1,
3967,3982.36,15.3582,1,
3970,3985.38,15.377,1,
3973,3988.4,15.3958,1,
3976,3991.41,15.4146,1,
3979,3994.43,15.4331,1,
3982,3997.45,15.4519,1,
3985,4000.47,15.4707,1,
3988,4003.49,15.4895,1,
3991,4006.51,15.5083,1,
3994,4009.53,15.5271,1,
3997,4012.55,15.5459,1,
4000,4015.56,15.5647,1,
4003,4018.58,15.5835,1,
4006,4021.6,15.6021,1,
4009,4024.62,15.6208,1,
4012,4027.64,15.6396,1,
4015,4030.66,15.6584,1,
4018,4033.68,15.6772,1,
4021,4036.7,15.696,1,
4024,4039.71,15.7148,1,
4027,4042.73,15.7336,1,
4030,4045.75,15.7524,1,
4033,4048.77,15.771,1,
4036,4051.79,15.7898,1,
4039,4054.81,15.8086,1,
4042,4057.83,15.8274,1,
4045,4060.85,15.8462,1,
4048,4063.86,15.865,1,
4051,4066.88,15.8838,1,
4054,4069.9,15.9026,1,
4057,4072.92,15.9214,1,
4060,4075.94,15.9399,1,
4063,4078.96,15.9587,1,
4066,4081.98,15.9775,1,
4069,4085,15.9963,1,
4072,4088.02,16.0151,1,
4075,4091.03,16.0339,1,
4078,4094.05,16.0527,1,
4081,4097.07,16.0713,1,
4084,4100.09,16.0903,1,
4087,4103.11,16.1089,1,
4090,4106.13,16.1279,1,
4093,4109.15,16.1465,1,
4096,4112.17,16.1655,1,
4099,4115.18,16.1841,1,
4102,4118.2,16.2026,1,
4105,4121.22,16.2217,1,
4108,4124.24,16.2402,1,
4111,4127.26,16.2593,1,
4114,4130.28,16.2778,1,
4117,4133.3,16.2969,1,
4120,4136.32,16.3154,1,
4123,4139.33,16.3345,1,
4126,4142.35,16.353,1,
4129,4145.37,16.3716,1,
4132,4148.39,16.3906,1,
4135,4151.41,16.4092,1,
4138,4154.43,16.4282,1,
4141,4157.45,16.4468,1,
4144,4160.47,16.4658,1,
4147,4163.48,16.4844,1,
4150,4166.5,16.5034,1,
4153,4169.52,16.522,1,
4156,4172.54,16.5405,1,
4159,4175.56,16.5596,1,
4162,4178.58,16.5781,1,
4165,4181.6,16.5972,1,
4168,4184.62,16.6157,1,
4171,4187.63,16.6348,1,
4174,4190.65,16.6533,1,
4177,4193.67,16.6724,1,
4180,4196.69,16.6909,1,
4183,4199.71,16.7095,1,
4186,4202.73,16.7285,1,
4189,4205.75,16.7471,1,
4192,4208.77,16.7661,1,
4195,4211.78,16.7847,1,
4198,4214.8,16.8037,1,
4201,4217.82,16.8223,1,
4204,4220.84,16.8408,1,
4207,4223.86,16.8599,1,
4210,4226.88,16.8784,1,
4213,4229.9,16.8975,1,
4216,4232.92,16.916,1,
4219,4235.94,16.9351,1,
4222,4238.95,16.9536,1,
4225,4241.97,16.9727,1,
4228,4244.99,16.9912,1,
4231,4248.01,17.0098,1,
4234,4251.03,17.0288,1,
4237,4254.05,17.0474,1,
4240,4257.07,17.0664,1,
4243,4260.08,17.085,1,
4246,4263.1,17.104,1,
4249,4266.12,17.1226,1,
4252,4269.14,17.1416,1,
4255,4272.16,17.1602,1,
4258,4275.18,17.1787,1,
4261,4278.2,17.1978,1,
4264,4281.22,17.2163,1,
4267,4284.24,17.2354,1,
4270,4287.25,17.2539,1,
4273,4290.27,17.2729,1,
4276,4293.29,17.2915,1,
4279,4296.31,17.3105,1,
4282,4299.33,17.3291,1,
4285,4302.35,17.3477,1,
4288,4305.37,17.3667,1,
4291,4308.39,17.3853,1,
4294,4311.4,17.4043,1,
4297,4314.42,17.4229,1,
4300,4317.44,17.4419,1,
4303,4320.46,17.4604,1,
4306,4323.48,17.4795,1,
4309,4326.5,17.498,1,
4312,4329.52,17.5166,1,
4315,4332.54,17.5356,1,
4318,4335.55,17.5542,1,
4321,4338.57,17.5732,1,
4324,4341.59,17.5918,1,
4327,4344.61,17.6108,1,
4330,4347.63,17.6294,1,
4333,4350.65,17.6484,1,
4336,4353.67,17.667,1,
4339,4356.69,17.6855,1,
4342,4359.7,17.7046,1,
4345,4362.72,17.7231,1,
4348,4365.74,17.7422,1,
4351,4368.76,17.7607,1,
4354,4371.78,17.7798,1,
4357,4374.8,17.7983,1,
4360,4377.82,17.8174,1,
4363,4380.84,17.8359,1,
4366,4383.85,17.8545,1,
4369,4386.87,17.8735,1,
4372,4389.89,17.8921,1,
4375,4392.91,17.9111,1,
4378,4395.93,17.9297,1,
4381,4398.95,17.9487,1,
4384,4401.97,17.9673,1,
4387,4404.99,17.9863,1,
4390,4408,18.0049,1,
4393,4411.02,18.0234,1,
4396,4414.04,18.0425,1,
4399,4417.06,18.061,1,
4402,4420.08,18.0801,1,
4405,4423.1,18.0986,1,
4408,4426.12,18.1177,1,
4411,4429.14,18.1362,1,
4414,4432.16,18.1553,1,
4417,4435.17,18.1738,1,
4420,4438.19,18.1924,1,
4423,4441.21,18.2114,1,
4426,4444.23,18.23,1,
4429,4447.25,18.249,1,
4432,4450.27,18.2676,1,
4435,4453.29,18.2866,1,
4438,4456.31,18.3052,1,
4441,4459.32,18.3242,1,
4444,4462.34,18.3428,1,
4447,4465.36,18.3613,1,
4450,4468.38,18.3804,1,
4453,4471.4,18.3989,1,
4456,4474.42,18.418,1,
4459,4477.44,18.4365,1,
4462,4480.46,18.4556,1,
4465,4483.47,18.4741,1,
4468,4486.49,18.4932,1,
4471,4489.51,18.5117,1,
4474,4492.53,18.5303,1,
4477,4495.55,18.5493,1,
4480,4498.57,18.5679,1,
4483,4501.59,18.5869,1,
4486,4504.61,18.6055,1,
4489,4507.62,18.6245,1,
4492,4510.64,18.6431,1,
4495,4513.66,18.6621,1,
4498,4516.68,18.6807,1,
4501,4519.7,18.6992,1,
4504,4522.72,18.7183,1,
4507,4525.74,18.7368,1,
4510,4528.76,18.7559,1,
4513,4531.77,18.7744,1,
4516,4534.79,18.7935,1,
4519,4537.81,18.812,1,
4522,4540.83,18.8311,1,
4525,4543.85,18.8496,1,
4528,4546.87,18.8682,1,
4531,4549.89,18.8872,1,
4534,4552.91,18.9058,1,
4537,4555.92,18.9248,1,
4540,4558.94,18.9434,1,
4543,4561.96,18.9624,1,
4546,4564.98,18.981,1,
4549,4568,19,1,
4552,4571.02,19.0186,1,
4555,4574.04,19.0371,1,
4558,4577.06,19.0562,1,
4561,4580.07,19.0747,1,
4564,4583.09,19.0938,1,
4567,4586.11,19.1123,1,
4570,4589.13,19.1313,1,
4573,4592.15,19.1499,1,
4576,4595.17,19.1689,1,
4579,4598.19,19.1875,1,
4582,4601.21,19.2061,1,
4585,4604.23,19.2251,1,
4588,4607.24,19.2437,1,
4591,4610.26,19.2627,1,
4594,4613.28,19.2812,1,
4597,4616.3,19.3003,1,
4600,4619.32,19.3188,1,
4603,4622.34,19.3379,1,
4606,4625.36,19.3564,1,
4609,4628.38,19.375,1,
4612,4631.39,19.394,1,
4615,4634.41,19.4126,1,
4618,4637.43,19.4316,1,
4621,4640.45,19.4502,1,
4624,4643.47,19.4692,1,
4627,4646.49,19.4878,1,
4630,4649.51,19.5068,1,
4633,4652.53,19.5254,1,
4636,4655.54,19.5439,1,
4639,4658.56,19.563,1,
4642,4661.58,19.5815,1,
4645,4664.6,19.6006,1,
4648,4667.62,19.6191,1,
4651,4670.64,19.6382,1,
4654,4673.66,19.6567,1,
4657,4676.68,19.6758,1,
4660,4679.69,19.6943,1,
4663,4682.71,19.7129,1,
4666,4685.73,19.7319,1,
4669,4688.75,19.7505,1,
4672,4691.77,19.7695,1,
4675,4694.79,19.7881,1,
4678,4697.81,19.8071,1,
4681,4700.83,19.8257,1,
4684,4703.84,19.8447,1,
4687,4706.86,19.8633,1,
4690,4709.88,19.8818,1,
4693,4712.9,19.9009,1,
4696,4715.92,19.9194,1,
4699,4718.94,19.9385,1,
4702,4721.96,19.957,1,
4705,4724.98,19.9761,1,
4708,4727.99,19.9946,1,
4711,4731.01,20.0137,1,
4714,4734.03,20.0322,1,
4717,4737.05,20.0508,1,
4720,4740.07,20.0698,1,
4723,4743.09,20.0884,1,
4726,4746.11,20.1074,1,
4729,4749.13,20.126,1,
4732,4752.15,20.145,1,
4735,4755.16,20.1636,1,
4738,4758.18,20.1826,1,
4741,4761.2,20.2012,1,
4744,4764.22,20.2197,1,
4747,4767.24,20.2388,1,
4750,4770.26,20.2573,1,
4753,4773.28,20.2764,1,
4756,4776.29,20.2949,1,
4759,4779.31,20.314,1,
4762,4782.33,20.3325,1,
4765,4785.35,20.3511,1,
4768,4788.37,20.3701,1,
4771,4791.39,20.3887,1,
4774,4794.41,20.4077,1,
4777,4797.43,20.4263,1,
4780,4800.45,20.4453,1,
4783,4803.46,20.4639,1,
4786,4806.48,20.4829,1,
4789,4809.5,20.5015,1,
4792,4812.52,20.52,1,
4795,4815.54,20.5391,1,
4798,4818.56,20.5576,1,
4801,4821.58,20.5767,1,
4804,4824.6,20.5952,1,
4807,4827.61,20.6143,1,
4810,4830.63,20.6328,1,
4813,4833.65,20.6519,1,
4816,4836.67,20.6704,1,
4819,4839.69,20.689,1,
4822,4842.71,20.708,1,
4825,4845.73,20.7266,1,
4828,4848.75,20.7456,1,
4831,4851.76,20.7642,1,
4834,4854.78,20.7832,1,
4837,4857.8,20.8018,1,
4840,4860.82,20.8208,1,
4843,4863.84,20.8394,1,
4846,4866.86,20.8579,1,
4849,4869.88,20.877,1,
4852,4872.9,20.8955,1,
4855,4875.91,20.9146,1,
4858,4878.93,20.9331,1,
4861,4881.95,20.9521,1,
4864,4884.97,20.9707,1,
4867,4887.99,20.9897,1,
4870,4891.01,21.0083,1,
4873,4894.03,21.0269,1,
4876,4897.05,21.0459,1,
4879,4900.06,21.0645,1,
4882,4903.08,21.0835,1,
4885,4906.1,21.1021,1,
4888,4909.12,21.1211,1,
4891,4912.14,21.1396,1,
4894,4915.16,21.1587,1,
4897,4918.18,21.1772,1,
4900,4921.2,21.1958,1,
4903,4924.21,21.2148,1,
4906,4927.23,21.2334,1,
4909,4930.25,21.2524,1,
4912,4933.27,21.271,1,
4915,4936.29,21.29,1,
4918,4939.31,21.3086,1,
4921,4942.33,21.3276,1,
4924,4945.35,21.3462,1,
4927,4948.36,21.3647,1,
4930,4951.38,21.3838,1,
4933,4954.4,21.4023,1,
4936,4957.42,21.4214,1,
4939,4960.44,21.4399,1,
4942,4963.46,21.459,1,
4945,4966.48,21.4775,1,
4948,4969.5,21.4966,1,
4951,4972.52,21.5151,1,
4954,4975.53,21.5337,1,
4957,4978.55,21.5527,1,
4960,4981.57,21.5713,1,
4963,4984.59,21.5903,1,
4966,4987.61,21.6089,1,
4969,4990.63,21.6279,1,
4972,4993.65,21.6465,1,
4975,4996.67,21.6655,1,
4978,4999.68,21.6841,1,
4981,5002.7,21.7026,1,
4984,5005.72,21.7217,1,
4987,5008.74,21.7402,1,
4990,5011.76,21.7593,1,
4993,5014.78,21.7778,1,
4996,5017.8,21.7969,1,
4999,5020.82,21.8154,1,
5002,5023.83,21.8345,1,
5005,5026.85,21.853,1,
5008,5029.87,21.8716,1,
5011,5032.89,21.8906,1,
5014,5035.91,21.9092,1,
5017,5038.93,21.9282,1,
5020,5041.95,21.9468,1,
5023,5044.97,21.9658,1,
5026,5047.98,21.9844,1,
5029,5051,22.0034,1,
5032,5054.02,22.022,1,
5035,5057.04,22.0405,1,
5038,5060.06,22.0596,1,
5041,5063.08,22.0781,1,
5044,5066.1,22.0972,1,
5047,5069.12,22.1157,1,
5050,5072.13,22.1348,1,
5053,5075.15,22.1533,1,
5056,5078.17,22.1724,1,
5059,5081.19,22.1909,1,
5062,5084.21,22.2095,1,
5065,5087.23,22.2285,1,
5068,5090.25,22.2471,1,
5071,5093.27,22.2661,1,
5074,5096.28,22.2847,1,
5077,5099.3,22.3037,1,
5080,5102.32,22.3223,1,
5083,5105.34,22.3413,1,
5086,5108.36,22.3599,1,
5089,5111.38,22.3784,1,
5092,5114.4,22.3975,1,
5095,5117.42,22.416,1,
5098,5120.44,22.4351,1,
5101,5123.45,22.4536,1,
5104,5126.47,22.4727,1,
5107,5129.49,22.4912,1,
5110,5132.51,22.5103,1,
5113,5135.53,22.5288,1,
5116,5138.55,22.5474,1,
5119,5141.57,22.5664,1,
5122,5144.58,22.585,1,
5125,5147.6,22.604,1,
5128,5150.62,22.6226,1,
5131,5153.64,22.6416,1,
5134,5156.66,22.6602,1,
5137,5159.68,22.6792,1,
5140,5162.7,22.6978,1,
5143,5165.72,22.7163,1,
5146,5168.74,22.7354,1,
5149,5171.75,22.7539,1,
5152,5174.77,22.7729,1,
5155,5177.79,22.7915,1,
5158,5180.81,22.8105,1,
5161,5183.83,22.8291,1,
5164,5186.85,22.8481,1,
5167,5189.87,22.8667,1,
5170,5192.89,22.8853,1,
5173,5195.9,22.9043,1,
5176,5198.92,22.9229,1,
5179,5201.94,22.9419,1,
5182,5204.96,22.9604,1,
5185,5207.98,22.9795,1,
5188,5211,22.998,1,
5191,5214.02,23.0171,1,
5194,5217.04,23.0356,1,
5197,5220.05,23.0542,1,
5200,5223.07,23.0732,1,
5203,5226.09,23.0918,1,
5206,5229.11,23.1108,1,
5209,5232.13,23.1294,1,
5212,5235.15,23.1484,1,
5215,5238.17,23.167,1,
5218,5241.19,23.186,1,
5221,5244.2,23.2046,1,
5224,5247.22,23.2231,1,
5227,5250.24,23.2422,1,
5230,5253.26,23.2607,1,
5233,5256.28,23.2798,1,
5236,5259.3,23.2983,1,
5239,5262.32,23.3174,1,
5242,5265.34,23.3359,1,
5245,5268.35,23.355,1,
5248,5271.37,23.3735,1,
5251,5274.39,23.3921,1,
5254,5277.41,23.4111,1,
5257,5280.43,23.4297,1,
5260,5283.45,23.4487,1,
5263,5286.47,23.4673,1,
5266,5289.49,23.4863,1,
5269,5292.5,23.5049,1,
5272,5295.52,23.5239,1,
5275,5298.54,23.5425,1,
5278,5301.56,23.561,1,
5281,5304.58,23.5801,1,
5284,5307.6,23.5986,1,
5287,5310.62,23.6177,1,
5290,5313.64,23.6362,1,
5293,5316.66,23.6553,1,
5296,5319.67,23.6738,1,
5299,5322.69,23.6929,1,
5302,5325.71,23.7114,1,
5305,5328.73,23.73,1,
5308,5331.75,23.749,1,
5311,5334.77,23.7676,1,
5314,5337.79,23.7866,1,
5317,5340.81,23.8052,1,
5320,5343.82,23.8242,1,
5323,5346.84,23.8428,1,
5326,5349.86,23.8613,1,
5329,5352.88,23.8804,1,
5332,5355.9,23.8989,1,
5335,5358.92,23.918,1,
5338,5361.94,23.9365,1,
5341,5364.96,23.9556,1,
5344,5367.97,23.9741,1,
5347,5370.99,23.9932,1,
5350,5374.01,24.0117,1,
5353,5377.03,24.0303,1,
5356,5380.05,24.0493,1,
5359,5383.07,24.0679,1,
5362,5386.09,24.0869,1,
5365,5389.11,24.1055,1,
5368,5392.12,24.1245,1,
5371,5395.14,24.1431,1,
5374,5398.16,24.1621,1,
5377,5401.18,24.1807,1,
5380,5404.2,24.1992,1,
5383,5407.22,24.2183,1,
5386,5410.24,24.2368,1,
5389,5413.26,24.2559,1,
5392,5416.27,24.2744,1,
5395,5419.29,24.2935,1,
5398,5422.31,24.312,1,
5401,5425.33,24.3311,1,
5404,5428.35,24.3496,1,
5407,5431.37,24.3682,1,
5410,5434.39,24.3872,1,
5413,5437.41,24.4058,1,
5416,5440.42,24.4248,1,
5419,5443.44,24.4434,1,
5422,5446.46,24.4624,1,
5425,5449.48,24.481,1,
5428,5452.5,24.5,1,
5431,5455.52,24.5186,1,
5434,5458.54,24.5371,1,
5437,5461.56,24.5562,1,
5440,5464.57,24.5747,1,
5443,5467.59,24.5938,1,
5446,5470.61,24.6123,1,
5449,5473.63,24.6313,1,
5452,5476.65,24.6499,1,
5455,5479.67,24.6689,1,
5458,5482.69,24.6875,1,
5461,5485.71,24.7061,1,
5464,5488.73,24.7251,1,
5467,5491.74,24.7437,1,
5470,5494.76,24.7627,1,
5473,5497.78,24.7812,1,
5476,5500.8,24.8003,1,
5479,5503.82,24.8188,1,
5482,5506.84,24.8379,1,
5485,5509.86,24.8564,1,
5488,5512.88,24.875,1,
5491,5515.89,24.894,1,
5494,5518.91,24.9126,1,
5497,5521.93,24.9316,1,
5500,5524.95,24.9502,1,
5503,5527.97,24.9692,1,
5506,5530.99,24.9878,1,
5509,5534.01,25.0068,1,
5512,5537.03,25.0254,1,
5515,5540.04,25.0439,1,
5518,5543.06,25.063,1,
5521,5546.08,25.0815,1,
5524,5549.1,25.1006,1,
5527,5552.12,25.1191,1,
5530,5555.14,25.1382,1,
5533,5558.16,25.1567,1,
5536,5561.18,25.1758,1,
5539,5564.19,25.1943,1,
5542,5567.21,25.2129,1,
5545,5570.23,25.2319,1,
5548,5573.25,25.2505,1,
5551,5576.27,25.2695,1,
5554,5579.29,25.2881,1,
5557,5582.31,25.3071,1,
5560,5585.33,25.3257,1,
5563,5588.34,25.3447,1,
5566,5591.36,25.3633,1,
5569,5594.38,25.3818,1,
5572,5597.4,25.4009,1,
5575,5600.42,25.4194,1,
5578,5603.44,25.4385,1,
5581,5606.46,25.457,1,
5584,5609.48,25.4761,1,
5587,5612.49,25.4946,1,
5590,5615.51,25.5137,1,
5593,5618.53,25.5322,1,
5596,5621.55,25.5508,1,
5599,5624.57,25.5698,1,
5602,5627.59,25.5884,1,
5605,5630.61,25.6074,1,
5608,5633.63,25.626,1,
5611,5636.65,25.645,1,
5614,5639.66,25.6636,1,
5617,5642.68,25.6826,1,
5620,5645.7,25.7012,1,
5623,5648.72,25.7197,1,
5626,5651.74,25.7388,1,
5629,5654.76,25.7573,1,
5632,5657.78,25.7764,1,
5635,5660.79,25.7949,1,
5638,5663.81,25.814,1,
5641,5666.83,25.8325,1,
5644,5669.85,25.8516,1,
5647,5672.87,25.8701,1,
5650,5675.89,25.8887,1,
5653,5678.91,25.9077,1,
5656,5681.93,25.9263,1,
5659,5684.95,25.9453,1,
5662,5687.96,25.9639,1,
5665,5690.98,25.9829,1,
5668,5694,26.0015,1,
5671,5697.02,26.0205,1,
5674,5700.04,26.0391,1,
5677,5703.06,26.0576,1,
5680,5706.08,26.0767,1,
5683,5709.1,26.0952,1,
5686,5712.11,26.1143,1,
5689,5715.13,26.1328,1,
5692,5718.15,26.1519,1,
5695,5721.17,26.1704,1,
5698,5724.19,26.1895,1,
5701,5727.21,26.208,1,
5704,5730.23,26.2266,1,
5707,5733.25,26.2456,1,
5710,5736.26,26.2642,1,
5713,5739.28,26.2832,1,
5716,5742.3,26.3018,1,
5719,5745.32,26.3208,1,
5722,5748.34,26.3394,1,
5725,5751.36,26.3584,1,
5728,5754.38,26.377,1,
5731,5757.4,26.3955,1,
5734,5760.41,26.4146,1,
5737,5763.43,26.4331,1,
5740,5766.45,26.4521,1,
5743,5769.47,26.4707,1,
5746,5772.49,26.4897,1,
5749,5775.51,26.5083,1,
5752,5778.53,26.5273,1,
5755,5781.55,26.5459,1,
5758,5784.56,26.5645,1,
5761,5787.58,26.5835,1,
5764,5790.6,26.6021,1,
5767,5793.62,26.6211,1,
5770,5796.64,26.6396,1,
5773,5799.66,26.6587,1,
5776,5802.68,26.6772,1,
5779,5805.7,26.6963,1,
5782,5808.71,26.7148,1,
5785,5811.73,26.7334,1,
5788,5814.75,26.7524,1,
5791,5817.77,26.771,1,
5794,5820.79,26.79,1,
5797,5823.81,26.8086,1,
5800,5826.83,26.8276,1,
5803,5829.85,26.8462,1,
5806,5832.87,26.8652,1,
5809,5835.88,26.8838,1,
5812,5838.9,26.9023,1,
5815,5841.92,26.9214,1,
5818,5844.94,26.9399,1,
5821,5847.96,26.959,1,
5824,5850.98,26.9775,1,
5827,5854,26.9966,1,
5830,5857.02,27.0151,1,
5833,5860.03,27.0342,1,
5836,5863.05,27.0527,1,
5839,5866.07,27.0713,1,
5842,5869.09,27.0903,1,
5845,5872.11,27.1089,1,
5848,5875.13,27.1279,1,
5851,5878.15,27.1465,1,
5854,5881.17,27.1655,1,
5857,5884.18,27.1841,1,
5860,5887.2,27.2031,1,
5863,5890.22,27.2217,1,
5866,5893.24,27.2402,1,
5869,5896.26,27.2593,1,
5872,5899.28,27.2778,1,
5875,5902.3,27.2969,1,
5878,5905.32,27.3154,1,
5881,5908.33,27.3345,1,
5884,5911.35,27.353,1,
5887,5914.37,27.3716,1,
5890,5917.39,27.3906,1,
5893,5920.41,27.4092,1,
5896,5923.43,27.4282,1,
5899,5926.45,27.4468,1,
5902,5929.47,27.4658,1,
5905,5932.48,27.4844,1,
5908,5935.5,27.5034,1,
5911,5938.52,27.522,1,
5914,5941.54,27.5405,1,
5917,5944.56,27.5596,1,
5920,5947.58,27.5781,1,
5923,5950.6,27.5972,1,
5926,5953.62,27.6157,1,
5929,5956.63,27.6348,1,
5932,5959.65,27.6533,1,
5935,5962.67,27.6724,1,
5938,5965.69,27.6909,1,
5941,5968.71,27.7095,1,
5944,5971.73,27.7285,1,
5947,5974.75,27.7471,1,
5950,5977.77,27.7661,1,
5953,5980.78,27.7847,1,
5956,5983.8,27.8037,1,
5959,5986.82,27.8223,1,
5962,5989.84,27.8413,1,
5965,5992.86,27.8599,1,
5968,5995.88,27.8784,1,
5971,5998.9,27.8975,1,
5974,6001.92,27.916,1,
5977,6004.94,27.9351,1,
5980,6007.95,27.9536,1,
5983,6010.97,27.9727,1,
5986,6013.99,27.9912,1,
5989,6017.01,28.0103,1,
5992,6020.03,28.0288,1,
5995,6023.05,28.0474,1,
5998,6026.07,28.0664,1,
6001,6029.08,28.085,1,
6004,6032.1,28.104,1,
6007,6035.12,28.1226,1,
